  0.9998
  0.9982
   0.995
  0.9902
  0.9838
  0.9759
  0.9664
  0.9556
  0.9433
  0.9297
  0.9148
  0.8986
  0.8814
  0.8631
  0.8438
  0.8235
  0.8025
  0.7808
  0.7584
  0.7355
  0.7121
  0.6883
  0.6643
    0.64
  0.6157
  0.5913
   0.567
  0.5428
  0.5187
   0.495
  0.4716
  0.4485
  0.4259
  0.4038
  0.3822
  0.3612
  0.3408
   0.321
  0.3019
  0.2834
  0.2657
  0.2487
  0.2323
  0.2167
  0.2019
  0.1877
  0.1743
  0.1615
  0.1495
  0.1381
  0.1274
  0.1173
  0.1078
 0.09898
 0.09071
 0.08299
 0.07581
 0.06914
 0.06295
 0.05723
 0.05194
 0.04706
 0.04258
 0.03845
 0.03468
 0.03122
 0.02806
 0.02518
 0.02256
 0.02018
 0.01802
 0.01607
  0.0143
 0.01271
 0.01128
 0.00999
 0.008836
 0.007802
 0.006878
 0.006053
 0.005319
 0.004667
 0.004087
 0.003574
 0.003121
 0.00272
 0.002367
 0.002057
 0.001784
 0.001545
 0.001336
 0.001153
 0.0009938
 0.0008551
 0.0007346
 0.00063
 0.0005395
 0.0004612
 0.0003937
 0.0003355
